
 88.62 90.10
 90.44 90.78
 91.32 91.00
 91.88 91.40
 92.49 91.42
 92.96 91.53
 93.62 91.14
 94.11 91.55
 94.84 91.28
 95.37 91.25
 95.94 91.06
 96.41 91.19
 96.89 90.54
 97.25 90.74
 97.53 91.47
 97.81 91.05
 98.02 91.02
 98.15 90.95
 98.31 91.29
 98.41 91.22
 98.61 91.17
 98.84 91.03
 98.77 91.25
 98.85 91.49
 99.01 91.33
 98.98 91.30
 99.12 91.16
 99.20 90.81
 99.18 91.02
 99.23 91.42
 99.26 91.16
 99.34 91.52
 99.36 91.25
 99.36 91.32
 99.37 91.55
 99.37 91.07
 99.47 91.58
 99.46 91.60
 99.52 91.28
 99.48 91.55
 99.54 91.35
 99.61 91.39
 99.51 91.45
 99.61 91.38
 99.58 91.46
 99.60 91.59
 99.64 91.33
 99.60 91.41
 99.62 91.60
 99.66 91.62
 99.60 91.59
 99.66 91.73
 99.70 91.44
 99.76 91.65
 99.75 91.57
 99.72 91.13
 99.70 91.22
 99.76 91.08
 99.77 91.55
 99.77 91.35
 99.78 91.69
 99.71 91.42
 99.73 91.08
 99.76 91.76
 99.71 91.78
 99.74 91.31
 99.76 91.54
 99.79 91.67
 99.76 91.70
 99.75 91.20
 99.71 91.40
 99.74 91.20
 99.77 91.63
 99.81 91.75
 99.86 91.89
 99.82 91.37
 99.79 91.84
 99.77 91.40
 99.76 91.78
 99.78 91.65
 99.76 91.56
 99.81 91.79
 99.82 91.41
 99.76 91.54
 99.80 91.60
 99.77 92.07
 99.82 91.64
 99.80 91.52
 99.77 91.67
 99.76 91.51